1821 46 170 211 239
1822 126 167 202 167
1823 328 212 214 186
1824 198 190 212 179
1825 144 168 205 179
1826 254 210 209 179
1827 108 206 198 179
1828 144 169 192 179
1829 208 171 193 183
1830 430 228 216 197
1831 304 238 224 208
1832 0 217 201 195
1833 432 274 224 263
1834 382 309 239 269
1835 282 280 243 272
1836 406 300 259 272
1837 320 364 265 272
1838 408 359 279 271
1839 30 289 254 271
1840 152 263 243 269
1841 110 204 229 231
1842 494 238 255 273
1843 32 163 232 282
1844 488 255 257 294
1845 292 283 260 284
1846 476 356 281 290
1847 24 262 255 290
1848 94 274 238 291
1849 6 178 214 293
1850 142 148 206 293
1851 446 142 230 302
1852 108 159 217 302
1853 128 166 208 221
1854 350 234 222 306
1855 320 270 231 269
1856 0 181 207 235
1857 238 207 210 228
1858 384 258 227 228
1859 112 210 215 228
1860 364 219 229 226
1861 230 265 229 226
1862 416 301 247 225
1863 304 285 252 248
1864 362 335 263 300
1865 408 344 277 315
1866 334 364 282 318
1867 174 316 271 339
1868 110 277 254 335
1869 4 206 228 335
1870 44 133 209 335
1871 192 104 207 335
1872 86 87 194 335
1873 234 112 197 330
1874 50 121 182 300
1875 312 174 195 289
1876 382 212 213 282
1877 400 275 231 297
1878 226 274 230 303
1879 160 296 223 304
1880 262 286 226 304
1881 188 247 222 304
1882 256 218 225 303
1883 196 212 222 303
1884 462 272 245 311
1885 224 265 242 331
1886 70 241 224 278
1887 432 276 244 291
1888 8 239 220 205
1889 446 236 242 230
1890 480 287 265 240
1891 232 319 261 240
1892 54 244 240 241
1893 444 331 260 240
1894 382 318 272 240
1895 462 314 291 240
1896 64 281 268 222
1897 304 331 271 273
1898 480 338 291 286
1899 326 327 294 356
1900 54 245 270 311
1901 362 305 279 307
1902 496 343 300 307
1903 400 327 310 305
1904 298 322 308 306
1905 266 364 303 306
1906 302 352 302 301
1907 508 354 322 353
1908 424 359 332 379
1909 126 325 311 284
1910 454 362 325 312
1911 366 375 329 349
1912 334 340 329 348
1913 208 297 316 348
1914 216 315 306 349
1915 366 298 312 348
1916 250 274 305 348
1917 384 284 312 351
1918 368 316 317 335
1919 292 332 314 305
1920 280 314 310 347
1921 348 334 313 323
1922 388 335 320 326
1923 328 327 320 326
1924 396 348 327 326
1925 286 349 322 326
1926 236 326 313 326
1927 256 300 307 326
1928 232 281 299 321
1929 442 290 313 330
1930 346 302 316 342
1931 282 311 312 342
1932 342 328 315 341
1933 304 343 313 331
1934 172 289 298 326
1935 308 281 298 326
1936 12 227 269 327
1937 216 202 263 327
1938 398 221 276 327
1939 22 191 250 321
1940 64 142 231 276
1941 244 188 232 254
1942 414 228 250 289
1943 442 237 269 311
1944 198 272 261 299
1945 382 336 273 306
1946 318 350 277 306
1947 278 323 277 305
1948 426 320 291 304
1949 300 340 291 304
1950 206 305 282 310
1951 342 310 288 342
1952 262 307 285 346
1953 224 266 278 295
1954 94 225 259 218
1955 364 257 269 238
1956 464 281 288 240
1957 270 283 286 240
1958 270 292 284 240
1959 480 369 303 240
1960 4 297 273 240
1961 214 247 267 240
1962 336 260 273 240
1963 14 209 247 185
1964 410 195 263 235
1965 154 225 252 248
1966 424 267 269 255
1967 174 235 259 246
1968 232 278 256 246
1969 364 269 266 246
1970 74 253 246 247
1971 294 227 250 247
1972 282 249 253 249
1973 400 282 267 257
1974 244 258 264 308
1975 318 307 269 283
1976 328 314 274 321
1977 12 260 247 273
1978 164 213 238 273
1979 302 224 244 273
1980 46 170 224 274
1981 166 138 218 274
1982 430 221 239 274
1983 26 194 217 266
1984 510 235 246 278
1985 252 276 246 280
1986 414 326 262 306
1987 262 292 262 291
1988 376 362 273 334
1989 222 305 267 336
1990 204 295 260 336
1991 4 213 234 336
1992 48 170 215 336
1993 416 178 235 336
1994 398 214 251 348
1995 82 189 234 298
1996 114 211 221 268
1997 134 228 212 193
1998 204 186 211 180
1999 490 204 238 193
2000 66 201 220 188
2001 446 268 242 188
2002 48 250 222 188
2003 288 267 228 187
2004 400 249 245 187
2005 136 263 234 179
2006 360 246 246 211
2007 366 310 258 267
2008 368 326 269 330
2009 116 269 253 310
2010 450 332 272 305
2011 254 310 270 311
2012 232 284 266 311
2013 440 298 283 310
2014 494 374 304 309
2015 96 303 283 309
2016 170 286 271 310
2017 156 271 259 286
2018 222 227 255 255
2019 380 204 267 258
2020 398 265 280 320
2021 174 266 269 288
2022 172 269 259 285
2023 300 284 263 285
2024 450 298 281 285
2025 16 222 254 287
2026 400 267 268 287
2027 464 326 287 297
2028 110 288 269 291
2029 320 262 274 313
2030 448 348 291 331
2031 400 348 301 332
2032 96 274 280 322
2033 28 258 254 318
2034 176 229 246 318
2035 4 140 221 320
2036 48 70 203 319
2037 90 69 191 319
2038 472 158 219 320
2039 142 151 211 323
2040 110 172 200 277
2041 146 192 194 196
2042 184 210 192 148
2043 244 165 197 166
2044 158 168 193 170
2045 310 208 204 170
2046 450 269 228 168
2047 408 314 246 167
2048 180 301 239 167
2049 448 359 259 166
2050 386 374 271 194
2051 170 318 260 207
2052 94 255 243 194
2053 140 247 232 184
2054 474 252 256 211
2055 494 274 279 221
2056 330 306 284 221
2057 22 292 257 223
2058 354 334 266 223
2059 90 258 248 223
2060 368 232 260 221
2061 350 236 269 217
2062 336 299 275 253
2063 120 252 259 260
2064 134 261 246 259
2065 426 273 264 253
2066 330 269 270 248
2067 260 254 269 248
2068 398 309 281 247
2069 276 338 280 247
2070 316 316 283 247
2071 174 284 272 241
2072 252 283 270 229
2073 48 213 247 166
2074 70 172 229 152
2075 216 152 227 170
2076 240 165 228 149
2077 406 196 245 151
2078 126 211 233 151
2079 262 250 235 152
2080 454 297 256 151
2081 364 322 266 151
2082 398 320 279 158
2083 122 320 263 143
2084 266 320 263 191
2085 284 286 265 248
2086 86 231 247 220
2087 480 247 270 248
2088 438 310 286 249
2089 494 356 306 249
2090 328 365 308 249
2091 240 396 301 249
2092 382 376 309 249
2093 324 353 310 247
2094 78 270 286 242
2095 18 208 259 187
2096 150 190 248 151
2097 74 128 230 148
2098 118 87 218 106
2099 12 74 197 93
2100 222 115 199 93
2101 14 88 180 94
2102 40 81 166 95
2103 424 142 191 95
2104 382 216 210 96
2105 292 230 218 121
2106 148 257 211 150
2107 142 277 204 148
2108 310 254 214 200
2109 176 213 210 207
2110 218 198 210 213
2111 312 231 220 213
2112 240 251 222 213
2113 74 204 207 212
2114 138 196 200 212
2115 202 193 200 207
2116 380 206 218 217
2117 412 241 237 275
2118 380 302 251 339
2119 426 360 268 365
2120 18 323 243 346
2121 80 263 226 342
2122 190 218 222 342
2123 190 180 218 342
2124 16 98 197 342
2125 76 110 184 342
2126 4 95 165 336
2127 298 116 178 326
2128 82 95 168 253
2129 114 114 162 182
2130 314 162 177 157
2131 318 225 191 192
2132 34 172 175 191
2133 100 176 167 191
2134 98 172 160 191
2135 186 147 162 191
2136 412 166 187 191
2137 228 204 191 198
2138 446 274 216 215
2139 418 338 236 289
2140 494 399 261 391
2141 74 332 242 338
2142 194 325 237 324
2143 282 292 241 332
2144 58 220 222 332
2145 210 163 220 331
2146 194 187 217 331
2147 484 245 243 331
2148 254 240 244 332
2149 14 231 220 282
2150 396 268 237 277
2151 428 315 256 259
2152 322 282 262 314
2153 168 265 252 311
2154 246 312 251 310
2155 272 287 253 310
2156 420 285 269 309
2157 224 266 264 309
2158 450 322 282 309
2159 400 353 293 313
2160 330 364 296 350
2161 392 359 305 349
2162 426 399 317 349
2163 196 348 304 321
2164 168 302 290 321
2165 102 256 271 316
2166 80 194 251 316
2167 250 159 250 317
2168 72 134 232 318
2169 402 181 248 318
2170 262 213 249 313
2171 312 259 255 311
2172 300 269 259 291
2173 494 354 282 309
2174 294 332 283 331
2175 426 365 297 361
2176 302 363 297 367
2177 322 367 299 367
2178 190 306 288 368
2179 108 269 269 367
2180 124 209 254 367
2181 448 238 273 373
2182 218 217 267 362
2183 110 201 251 320
2184 462 272 272 312
2185 104 268 255 270
2186 30 184 232 224
2187 280 197 236 223
2188 216 218 234 223
2189 2 126 210 224
2190 350 175 224 223
2191 298 229 231 223
2192 126 198 220 212
2193 380 231 236 231
2194 136 258 226 237
2195 160 220 219 156
2196 56 171 202 145
2197 252 196 206 171
2198 496 220 235 178
2199 448 282 256 178
2200 408 332 271 177
2201 404 401 284 176
2202 438 438 299 176
2203 168 373 285 178
2204 428 369 299 183
2205 220 331 291 202
2206 302 311 292 240
2207 108 245 273 252
2208 494 310 295 280
2209 266 278 292 272
2210 510 336 313 272
2211 398 355 321 272
2212 190 371 307 273
2213 306 334 306 273
2214 226 326 298 275
2215 314 286 299 262
2216 124 232 281 241
2217 264 246 279 230
2218 224 230 273 256
2219 154 216 261 216
2220 302 213 265 218
2221 150 218 253 218
2222 368 239 264 218
2223 390 272 276 217
2224 222 286 270 217
2225 382 302 281 222
2226 464 365 299 239
2227 362 364 305 292
2228 462 378 320 345
2229 306 395 318 363
2230 94 337 295 356
2231 290 302 294 356
2232 362 302 300 356
2233 50 220 275 357
2234 384 236 285 357
2235 368 290 293 357
2236 46 242 268 346
2237 414 252 282 340
2238 138 270 267 291
2239 216 236 261 225
2240 208 204 255 203
2241 350 265 264 233
2242 360 254 273 235
2243 168 260 262 235
2244 326 282 268 234
2245 450 330 286 234
2246 242 309 281 234
2247 112 259 264 236
2248 90 244 246 198
2249 190 216 240 210
2250 478 222 263 280
2251 318 237 268 305
2252 232 261 264 291
2253 62 256 243 281
2254 480 314 266 281
2255 190 256 258 282
2256 178 228 250 283
2257 368 255 261 283
2258 74 258 242 282
2259 404 242 258 318
2260 342 273 266 352
2261 52 248 244 237
2262 450 264 264 266
2263 364 322 274 282
2264 384 318 285 292
2265 376 325 294 292
2266 504 415 315 291
2267 142 354 297 291
2268 0 281 267 291
2269 12 206 241 289
2270 74 146 224 251
2271 342 114 235 251
2272 414 168 252 348
2273 160 200 242 284
2274 368 271 254 284
2275 30 262 231 273
2276 342 262 242 273
2277 106 201 228 274
2278 202 209 225 274
2279 448 225 247 274
2280 464 312 268 289
2281 22 248 243 283
2282 232 273 241 258
2283 488 330 265 278
2284 166 274 255 280
2285 350 251 264 278
2286 448 336 282 291
2287 304 351 284 291
2288 350 323 290 290
2289 440 378 305 289
2290 158 340 290 289
2291 132 276 274 278
2292 96 235 256 287
2293 136 192 244 266
2294 128 130 232 169
2295 224 143 231 182
2296 266 170 234 172
2297 212 193 231 165
2298 440 254 251 165
2299 50 238 230 166
2300 444 282 251 166
2301 454 320 271 166
2302 2 278 244 162
2303 174 224 236 171
2304 50 224 217 152
2305 360 208 231 214
2306 34 124 211 172
2307 446 212 234 193
2308 410 260 251 199
2309 158 281 241 199
2310 396 288 256 198
2311 118 305 242 199
2312 410 298 258 199
2313 424 301 274 213
2314 450 359 291 245
2315 64 293 268 248
2316 236 316 264 215
2317 36 242 241 215
2318 132 183 230 179
2319 86 110 215 168
2320 80 114 201 168
2321 250 116 205 169
2322 192 148 203 169
2323 356 192 218 169
2324 266 228 222 163
2325 426 298 242 161
2326 34 254 221 154
2327 240 264 222 155
2328 358 264 235 226
2329 470 305 258 266
2330 198 260 252 269
2331 70 267 233 269
2332 194 258 229 269
2333 82 202 214 270
2334 56 120 198 270
2335 258 132 204 270
2336 466 211 230 274
2337 302 232 237 333
2338 210 258 234 325
2339 202 287 230 291
2340 312 298 238 273
2341 22 209 216 267
2342 258 200 220 267
2343 356 230 233 266
2344 498 289 259 265
2345 288 284 261 265
2346 402 360 275 269
2347 462 401 293 269
2348 498 429 313 312
2349 448 419 326 376
2350 300 422 323 398
2351 358 413 326 403
2352 68 334 300 404
2353 144 263 284 404
2354 424 258 298 404
2355 168 232 284 405
2356 334 227 289 405
2357 136 241 273 397
2358 152 242 260 361
2359 414 240 275 342
2360 446 296 292 342
2361 44 238 267 285
2362 286 268 268 277
2363 290 296 270 284
2364 300 273 273 284
2365 14 186 247 286
2366 450 268 267 284
2367 264 263 266 284
2368 440 293 283 294
2369 286 290 283 310
2370 228 333 277 269
2371 274 298 276 223
2372 492 344 297 321
2373 376 331 304 332
2374 438 361 317 337
2375 202 356 305 337
2376 14 304 275 337
2377 442 294 291 337
2378 474 314 309 337
2379 106 247 288 326
2380 8 208 259 294
2381 158 237 248 278
2382 328 214 256 293
2383 94 138 239 205
2384 320 181 247 198
2385 186 217 240 190
2386 328 251 248 190
2387 106 206 233 190
2388 198 227 229 191
2389 176 198 223 191
2390 116 184 212 191
2391 38 126 194 195
2392 270 159 201 219
2393 280 176 208 206
2394 96 160 196 207
2395 80 152 184 179
2396 248 194 190 181
2397 174 175 188 181
2398 76 134 176 181
2399 160 147 174 181
2400 386 208 195 181
2401 238 206 199 185
2402 374 246 216 224
2403 286 288 223 228
2404 254 307 226 221
2405 86 247 212 219
2406 96 219 200 220
2407 464 237 226 227
2408 92 198 212 227
2409 286 204 219 226
2410 298 247 226 226
2411 420 312 245 226
2412 46 228 225 220
2413 16 213 204 178
2414 138 183 197 145
2415 208 165 198 133
2416 14 84 179 117
2417 508 176 211 165
2418 410 255 230 163
2419 352 298 242 163
2420 216 300 239 164
2421 152 327 230 164
2422 454 316 252 164
2423 286 292 255 172
2424 510 323 280 230
2425 56 291 257 212
2426 66 274 237 173
2427 454 274 258 270
2428 236 264 255 239
2429 240 210 253 233
2430 204 240 248 233
2431 420 310 265 233
2432 46 229 243 233
2433 288 239 247 233
2434 40 199 226 225
2435 326 224 236 204
2436 224 184 234 241
2437 234 222 233 286
2438 306 226 240 253
2439 110 240 227 238
2440 134 201 217 235
2441 150 186 210 235
2442 428 225 231 235
2443 76 179 215 235
2444 184 194 211 235
2445 14 170 191 234
2446 136 167 185 212
2447 128 107 179 191
2448 78 108 168 149
2449 220 115 173 130
2450 408 194 196 165
2451 280 222 204 169
2452 414 280 225 169
2453 392 342 241 169
2454 166 332 233 169
2455 424 335 252 169
2456 456 370 272 183
2457 492 386 294 225
2458 302 368 294 263
2459 62 347 270 259
2460 398 342 282 298
2461 304 311 284 286
2462 496 312 305 293
2463 64 264 280 293
2464 80 268 260 294
2465 312 251 265 294
2466 238 238 262 294
2467 392 217 275 292
2468 46 213 252 239
2469 120 221 238 199
2470 286 216 242 259
2471 122 193 229 199
2472 464 207 252 217
2473 430 284 269 215
2474 224 305 264 215
2475 510 350 288 213
2476 38 333 262 215
2477 96 259 245 215
2478 398 253 260 215
2479 486 305 282 266
2480 302 264 284 306
2481 86 273 264 252
2482 224 299 260 275
2483 192 258 253 243
2484 0 160 227 229
2485 6 101 204 229
2486 494 183 233 230
2487 104 159 220 229
2488 208 162 218 229
2489 0 162 196 216
2490 154 192 191 178
2491 120 117 183 138
2492 266 149 191 186
2493 464 200 218 239
2494 246 250 220 245
2495 404 300 238 258
2496 248 325 239 258
2497 126 297 227 260
2498 480 300 252 258
2499 474 346 274 258
2500 492 364 295 274
2501 232 360 288 283
2502 304 396 289 324
2503 88 318 268 276
2504 296 282 270 239
2505 110 206 254 223
2506 230 205 251 217
2507 454 235 271 217
2508 250 268 268 217
2509 498 308 291 217
2510 132 312 275 217
2511 258 318 273 209
2512 444 316 290 234
2513 128 292 273 195
2514 50 202 250 185
2515 336 243 258 194
2516 416 274 273 229
2517 316 249 277 232
2518 464 316 295 232
2519 504 407 315 231
2520 462 432 329 231
2521 240 397 320 231
2522 318 397 319 233
2523 108 326 297 194
2524 170 259 284 203
2525 440 255 299 308
2526 172 241 286 272
2527 352 248 292 264
2528 416 310 304 268
2529 150 306 288 268
2530 446 307 303 268
2531 228 318 295 269
2532 336 315 299 269
2533 224 276 291 266
2534 374 321 299 297
2535 48 242 273 270
2536 268 250 272 224
2537 410 264 285 276
2538 462 312 302 289
2539 176 272 289 281
2540 350 333 295 281
2541 334 346 298 282
2542 360 336 304 281
2543 38 251 277 281
2544 240 264 273 282
2545 168 228 262 258
2546 174 196 253 286
2547 76 139 235 234
2548 496 230 261 253
2549 214 225 256 224
2550 456 283 276 233
2551 34 255 251 233
2552 336 307 259 233
2553 406 289 273 233
2554 176 281 263 233
2555 366 263 273 237
2556 236 304 269 245
2557 222 281 264 255
2558 464 292 284 360
2559 272 312 282 310
2560 112 261 265 298
2561 40 222 242 285
2562 96 196 227 285
2563 230 150 227 285
2564 168 129 221 286
2565 224 151 221 286
2566 40 151 202 276
2567 84 149 190 258
2568 396 182 210 296
2569 280 204 217 247
2570 328 225 228 259
2571 122 242 217 261
2572 266 278 221 268
2573 486 296 247 268
2574 356 311 257 267
2575 16 249 232 268
2576 448 314 253 268
2577 128 286 240 271
2578 388 267 254 306
2579 274 250 255 279
2580 218 291 251 263
2581 68 215 232 205
2582 38 197 212 195
2583 484 216 239 202
2584 74 176 222 202
2585 302 193 229 203
2586 114 202 217 202
2587 142 223 209 202
2588 14 129 189 199
2589 456 205 215 207
2590 114 168 204 171
2591 94 164 192 138
2592 6 136 173 124
2593 126 159 168 135
2594 306 129 181 129
2595 14 109 164 129
2596 400 170 187 128
2597 438 256 212 127
2598 270 285 217 127
2599 404 305 235 140
2600 368 376 248 129
2601 432 382 266 200
2602 266 348 266 246
2603 286 351 268 308
2604 452 360 286 346
2605 494 386 306 352
2606 416 382 317 352
2607 104 350 295 353
2608 406 374 306 353
2609 160 316 291 353
2610 416 300 303 353
2611 80 233 280 320
2612 42 220 256 234
2613 290 197 259 240
2614 298 225 262 243
2615 462 234 282 244
2616 328 284 286 239
2617 144 304 271 239
2618 200 286 263 238
2619 42 235 240 240
2620 432 229 259 240
2621 274 218 260 235
2622 44 198 238 231
2623 350 228 249 299
2624 342 288 258 313
2625 466 295 278 350
2626 462 332 296 350
2627 194 362 285 346
2628 420 376 298 346
2629 350 378 303 345
2630 224 330 295 344
2631 398 317 305 344
2632 244 327 298 343
2633 208 284 288 362
2634 446 304 303 384
2635 378 334 310 393
2636 408 336 319 381
2637 166 321 303 346
2638 10 281 273 340
2639 174 227 263 340
2640 446 240 281 340
2641 80 175 260 340
2642 492 240 283 340
2643 394 317 294 345
2644 126 307 277 336
2645 262 270 275 295
2646 330 320 280 282
2647 460 314 298 294
2648 108 257 278 287
2649 326 297 282 297
2650 132 271 267 297
2651 432 291 283 297
2652 432 286 297 296
2653 148 294 282 296
2654 150 258 268 288
2655 256 283 266 303
2656 40 205 243 254
2657 436 206 262 282
2658 384 253 274 266
2659 300 283 276 288
2660 266 285 275 286
2661 80 293 255 286
2662 154 236 244 287
2663 492 258 268 287
2664 110 220 252 287
2665 314 230 258 292
2666 144 242 246 279
2667 142 240 235 302
2668 70 156 218 203
2669 474 228 243 223
2670 258 217 244 218
2671 318 252 251 220
2672 206 265 246 220
2673 96 270 231 220
2674 486 272 256 220
2675 506 322 281 220
2676 192 297 272 216
2677 480 352 292 255
2678 364 405 299 304
2679 40 316 273 296
2680 480 311 293 298
2681 416 356 305 316
2682 246 309 299 314
2683 66 249 275 314
2684 166 274 264 314
2685 168 212 254 315
2686 490 227 277 315
2687 96 197 258 312
2688 226 229 254 282
2689 408 277 269 292
2690 126 269 254 315
2691 16 174 230 213
2692 398 234 246 210
2693 396 268 261 215
2694 278 242 262 215
2695 22 222 237 216
2696 94 237 222 216
2697 76 173 207 216
2698 334 160 219 224
2699 52 115 202 203
2700 198 150 201 157
2701 462 224 227 247
2702 222 253 226 293
2703 468 280 250 301
2704 328 335 257 299
2705 126 321 243 299
2706 240 276 242 298
2707 146 261 232 298
2708 358 239 244 298
2709 264 226 245 296
2710 60 213 226 296
2711 36 172 207 261
2712 14 146 187 140
2713 14 77 169 94
2714 28 30 154 43
2715 350 88 173 44
2716 302 141 185 44
2717 312 201 197 43
2718 320 262 209 43
2719 360 328 224 43
2720 414 341 243 48
2721 230 327 241 67
2722 366 338 253 140
2723 174 308 245 183
2724 256 288 246 237
2725 144 234 235 250
2726 144 216 225 244
2727 296 202 232 244
2728 252 218 233 244
2729 8 168 210 245
2730 118 163 200 245
2731 322 199 212 242
2732 510 242 241 275
2733 24 196 219 199
2734 62 207 203 169
2735 326 248 215 185
2736 510 286 244 227
2737 272 238 246 231
2738 376 309 259 231
2739 412 379 274 231
2740 120 338 258 230
2741 212 278 253 230
2742 496 323 277 236
2743 400 328 289 223
2744 150 275 275 251
2745 286 308 276 311
2746 270 320 275 299
2747 272 275 274 271
2748 134 222 260 267
2749 234 239 257 267
2750 150 212 246 268
2751 312 220 252 267
2752 238 213 250 267
2753 262 239 251 259
2754 136 219 239 229
2755 412 272 256 286
2756 286 266 259 286
2757 408 300 273 317
2758 78 264 253 294
2759 392 315 266 302
2760 96 252 249 302
2761 440 282 268 301
2762 478 296 289 301
2763 226 326 282 301
2764 236 295 277 300
2765 76 291 256 293
2766 94 222 239 223
2767 62 138 221 163
2768 474 188 246 177
2769 382 217 259 213
2770 342 270 267 211
2771 206 293 260 211
2772 376 356 271 211
2773 2 261 244 213
2774 224 230 241 213
2775 286 218 245 215
2776 44 186 224 211
2777 186 148 220 231
2778 48 157 202 227
2779 366 186 218 204
2780 24 133 198 162
2781 398 204 218 164
2782 140 195 210 164
2783 414 268 230 163
2784 304 256 237 162
2785 394 330 252 162
2786 510 352 277 170
2787 428 410 292 214
